4 0.603125 0.17265625 0.209375 0.21015625
4 0.42578125 0.17265625 0.2046875 0.205078125
4 0.7671875 0.6765625 0.2765625 0.2765625
4 0.3109375 0.196875 0.21640625 0.200390625
4 0.18828125 0.27109375 0.241796875 0.1453125
4 0.7296875 0.24453125 0.240625 0.233203125
4 0.63359375 0.76953125 0.2125 0.276953125
4 0.80390625 0.384375 0.2328125 0.23203125
4 0.83671875 0.5546875 0.20625 0.205859375
4 0.38984375 0.79296875 0.204296875 0.367578125
4 0.1578125 0.584375 0.2328125 0.233203125
4 0.24140625 0.6984375 0.21875 0.21953125
4 0.1296875 0.43046875 0.21015625 0.1671875