4 0.603125 0.17265625 0.16171875 0.2578125
4 0.42578125 0.17265625 0.2046875 0.205078125
4 0.7671875 0.6765625 0.321875 0.23125
4 0.3109375 0.196875 0.20859375 0.208203125
4 0.18828125 0.27109375 0.193359375 0.19375
4 0.7296875 0.24453125 0.23671875 0.237109375
4 0.63359375 0.76953125 0.24453125 0.244921875
4 0.80390625 0.384375 0.265625 0.19921875
4 0.83671875 0.5546875 0.24375 0.168359375
4 0.38984375 0.79296875 0.285546875 0.286328125
4 0.1578125 0.584375 0.2375 0.228515625
4 0.24140625 0.6984375 0.196875 0.24140625
4 0.1296875 0.43046875 0.1890625 0.18828125