4 0.603125 0.17265625 0.1609375 0.2578125
4 0.42578125 0.17265625 0.1734375 0.23671875
4 0.7671875 0.6765625 0.321875 0.23125
4 0.3109375 0.196875 0.2171875 0.20078125
4 0.18828125 0.27109375 0.24140625 0.1453125
4 0.7296875 0.24453125 0.240625 0.23359375
4 0.63359375 0.76953125 0.2125 0.27734375
4 0.80390625 0.384375 0.265625 0.1984375
4 0.83671875 0.5546875 0.24375 0.16796875
4 0.38984375 0.79296875 0.20390625 0.36796875
4 0.1578125 0.584375 0.2375 0.22890625
4 0.24140625 0.6984375 0.196875 0.2421875
4 0.1296875 0.43046875 0.2109375 0.1671875